
Processing Application 1 (Given 8x8 Matrix)
================================================================================

================================================================================
Solving Application 1 (Given 8x8 Matrix)
================================================================================

Normalization step 1:
Dividing row 1 by 1.000000e+01

After normalization:
1.000000e+00  -2.000000e-01  -1.000000e-01  2.000000e-01  3.000000e-01  1.000000e-01  -4.000000e-01  7.000000e-01  0.000000e+00
5.000000e+00  1.100000e+01  3.000000e+00  1.000000e+01  -3.000000e+00  3.000000e+00  3.000000e+00  -4.000000e+00  1.200000e+01
7.000000e+00  1.200000e+01  1.000000e+00  5.000000e+00  3.000000e+00  -1.200000e+01  2.000000e+00  3.000000e+00  -5.000000e+00
8.000000e+00  7.000000e+00  -2.000000e+00  1.000000e+00  3.000000e+00  2.000000e+00  2.000000e+00  4.000000e+00  3.000000e+00
2.000000e+00  -1.300000e+01  -1.000000e+00  1.000000e+00  4.000000e+00  -1.000000e+00  8.000000e+00  3.000000e+00  -2.300000e+01
4.000000e+00  2.000000e+00  9.000000e+00  1.000000e+00  1.200000e+01  -1.000000e+00  4.000000e+00  1.000000e+00  -2.600000e+01
-1.000000e+00  4.000000e+00  -7.000000e+00  -1.000000e+00  1.000000e+00  1.000000e+00  -1.000000e+00  -3.000000e+00  9.000000e+00
-1.000000e+00  3.000000e+00  4.000000e+00  1.000000e+00  3.000000e+00  -4.000000e+00  7.000000e+00  6.000000e+00  -7.000000e+00

Elimination step 1.2:
Eliminating with multiplier 5.000000e+00

After elimination:
1.000000e+00  -2.000000e-01  -1.000000e-01  2.000000e-01  3.000000e-01  1.000000e-01  -4.000000e-01  7.000000e-01  0.000000e+00
0.000000e+00  1.200000e+01  3.500000e+00  9.000000e+00  -4.500000e+00  2.500000e+00  5.000000e+00  -7.500000e+00  1.200000e+01
7.000000e+00  1.200000e+01  1.000000e+00  5.000000e+00  3.000000e+00  -1.200000e+01  2.000000e+00  3.000000e+00  -5.000000e+00
8.000000e+00  7.000000e+00  -2.000000e+00  1.000000e+00  3.000000e+00  2.000000e+00  2.000000e+00  4.000000e+00  3.000000e+00
2.000000e+00  -1.300000e+01  -1.000000e+00  1.000000e+00  4.000000e+00  -1.000000e+00  8.000000e+00  3.000000e+00  -2.300000e+01
4.000000e+00  2.000000e+00  9.000000e+00  1.000000e+00  1.200000e+01  -1.000000e+00  4.000000e+00  1.000000e+00  -2.600000e+01
-1.000000e+00  4.000000e+00  -7.000000e+00  -1.000000e+00  1.000000e+00  1.000000e+00  -1.000000e+00  -3.000000e+00  9.000000e+00
-1.000000e+00  3.000000e+00  4.000000e+00  1.000000e+00  3.000000e+00  -4.000000e+00  7.000000e+00  6.000000e+00  -7.000000e+00

Elimination step 1.3:
Eliminating with multiplier 7.000000e+00

After elimination:
1.000000e+00  -2.000000e-01  -1.000000e-01  2.000000e-01  3.000000e-01  1.000000e-01  -4.000000e-01  7.000000e-01  0.000000e+00
0.000000e+00  1.200000e+01  3.500000e+00  9.000000e+00  -4.500000e+00  2.500000e+00  5.000000e+00  -7.500000e+00  1.200000e+01
0.000000e+00  1.340000e+01  1.700000e+00  3.600000e+00  9.000000e-01  -1.270000e+01  4.800000e+00  -1.900000e+00  -5.000000e+00
8.000000e+00  7.000000e+00  -2.000000e+00  1.000000e+00  3.000000e+00  2.000000e+00  2.000000e+00  4.000000e+00  3.000000e+00
2.000000e+00  -1.300000e+01  -1.000000e+00  1.000000e+00  4.000000e+00  -1.000000e+00  8.000000e+00  3.000000e+00  -2.300000e+01
4.000000e+00  2.000000e+00  9.000000e+00  1.000000e+00  1.200000e+01  -1.000000e+00  4.000000e+00  1.000000e+00  -2.600000e+01
-1.000000e+00  4.000000e+00  -7.000000e+00  -1.000000e+00  1.000000e+00  1.000000e+00  -1.000000e+00  -3.000000e+00  9.000000e+00
-1.000000e+00  3.000000e+00  4.000000e+00  1.000000e+00  3.000000e+00  -4.000000e+00  7.000000e+00  6.000000e+00  -7.000000e+00

Elimination step 1.4:
Eliminating with multiplier 8.000000e+00

After elimination:
1.000000e+00  -2.000000e-01  -1.000000e-01  2.000000e-01  3.000000e-01  1.000000e-01  -4.000000e-01  7.000000e-01  0.000000e+00
0.000000e+00  1.200000e+01  3.500000e+00  9.000000e+00  -4.500000e+00  2.500000e+00  5.000000e+00  -7.500000e+00  1.200000e+01
0.000000e+00  1.340000e+01  1.700000e+00  3.600000e+00  9.000000e-01  -1.270000e+01  4.800000e+00  -1.900000e+00  -5.000000e+00
0.000000e+00  8.600000e+00  -1.200000e+00  -6.000000e-01  6.000000e-01  1.200000e+00  5.200000e+00  -1.600000e+00  3.000000e+00
2.000000e+00  -1.300000e+01  -1.000000e+00  1.000000e+00  4.000000e+00  -1.000000e+00  8.000000e+00  3.000000e+00  -2.300000e+01
4.000000e+00  2.000000e+00  9.000000e+00  1.000000e+00  1.200000e+01  -1.000000e+00  4.000000e+00  1.000000e+00  -2.600000e+01
-1.000000e+00  4.000000e+00  -7.000000e+00  -1.000000e+00  1.000000e+00  1.000000e+00  -1.000000e+00  -3.000000e+00  9.000000e+00
-1.000000e+00  3.000000e+00  4.000000e+00  1.000000e+00  3.000000e+00  -4.000000e+00  7.000000e+00  6.000000e+00  -7.000000e+00

Elimination step 1.5:
Eliminating with multiplier 2.000000e+00

After elimination:
1.000000e+00  -2.000000e-01  -1.000000e-01  2.000000e-01  3.000000e-01  1.000000e-01  -4.000000e-01  7.000000e-01  0.000000e+00
0.000000e+00  1.200000e+01  3.500000e+00  9.000000e+00  -4.500000e+00  2.500000e+00  5.000000e+00  -7.500000e+00  1.200000e+01
0.000000e+00  1.340000e+01  1.700000e+00  3.600000e+00  9.000000e-01  -1.270000e+01  4.800000e+00  -1.900000e+00  -5.000000e+00
0.000000e+00  8.600000e+00  -1.200000e+00  -6.000000e-01  6.000000e-01  1.200000e+00  5.200000e+00  -1.600000e+00  3.000000e+00
0.000000e+00  -1.260000e+01  -8.000000e-01  6.000000e-01  3.400000e+00  -1.200000e+00  8.800000e+00  1.600000e+00  -2.300000e+01
4.000000e+00  2.000000e+00  9.000000e+00  1.000000e+00  1.200000e+01  -1.000000e+00  4.000000e+00  1.000000e+00  -2.600000e+01
-1.000000e+00  4.000000e+00  -7.000000e+00  -1.000000e+00  1.000000e+00  1.000000e+00  -1.000000e+00  -3.000000e+00  9.000000e+00
-1.000000e+00  3.000000e+00  4.000000e+00  1.000000e+00  3.000000e+00  -4.000000e+00  7.000000e+00  6.000000e+00  -7.000000e+00

Elimination step 1.6:
Eliminating with multiplier 4.000000e+00

After elimination:
1.000000e+00  -2.000000e-01  -1.000000e-01  2.000000e-01  3.000000e-01  1.000000e-01  -4.000000e-01  7.000000e-01  0.000000e+00
0.000000e+00  1.200000e+01  3.500000e+00  9.000000e+00  -4.500000e+00  2.500000e+00  5.000000e+00  -7.500000e+00  1.200000e+01
0.000000e+00  1.340000e+01  1.700000e+00  3.600000e+00  9.000000e-01  -1.270000e+01  4.800000e+00  -1.900000e+00  -5.000000e+00
0.000000e+00  8.600000e+00  -1.200000e+00  -6.000000e-01  6.000000e-01  1.200000e+00  5.200000e+00  -1.600000e+00  3.000000e+00
0.000000e+00  -1.260000e+01  -8.000000e-01  6.000000e-01  3.400000e+00  -1.200000e+00  8.800000e+00  1.600000e+00  -2.300000e+01
0.000000e+00  2.800000e+00  9.400000e+00  2.000000e-01  1.080000e+01  -1.400000e+00  5.600000e+00  -1.800000e+00  -2.600000e+01
-1.000000e+00  4.000000e+00  -7.000000e+00  -1.000000e+00  1.000000e+00  1.000000e+00  -1.000000e+00  -3.000000e+00  9.000000e+00
-1.000000e+00  3.000000e+00  4.000000e+00  1.000000e+00  3.000000e+00  -4.000000e+00  7.000000e+00  6.000000e+00  -7.000000e+00

Elimination step 1.7:
Eliminating with multiplier -1.000000e+00

After elimination:
1.000000e+00  -2.000000e-01  -1.000000e-01  2.000000e-01  3.000000e-01  1.000000e-01  -4.000000e-01  7.000000e-01  0.000000e+00
0.000000e+00  1.200000e+01  3.500000e+00  9.000000e+00  -4.500000e+00  2.500000e+00  5.000000e+00  -7.500000e+00  1.200000e+01
0.000000e+00  1.340000e+01  1.700000e+00  3.600000e+00  9.000000e-01  -1.270000e+01  4.800000e+00  -1.900000e+00  -5.000000e+00
0.000000e+00  8.600000e+00  -1.200000e+00  -6.000000e-01  6.000000e-01  1.200000e+00  5.200000e+00  -1.600000e+00  3.000000e+00
0.000000e+00  -1.260000e+01  -8.000000e-01  6.000000e-01  3.400000e+00  -1.200000e+00  8.800000e+00  1.600000e+00  -2.300000e+01
0.000000e+00  2.800000e+00  9.400000e+00  2.000000e-01  1.080000e+01  -1.400000e+00  5.600000e+00  -1.800000e+00  -2.600000e+01
0.000000e+00  3.800000e+00  -7.100000e+00  -8.000000e-01  1.300000e+00  1.100000e+00  -1.400000e+00  -2.300000e+00  9.000000e+00
-1.000000e+00  3.000000e+00  4.000000e+00  1.000000e+00  3.000000e+00  -4.000000e+00  7.000000e+00  6.000000e+00  -7.000000e+00

Elimination step 1.8:
Eliminating with multiplier -1.000000e+00

After elimination:
1.000000e+00  -2.000000e-01  -1.000000e-01  2.000000e-01  3.000000e-01  1.000000e-01  -4.000000e-01  7.000000e-01  0.000000e+00
0.000000e+00  1.200000e+01  3.500000e+00  9.000000e+00  -4.500000e+00  2.500000e+00  5.000000e+00  -7.500000e+00  1.200000e+01
0.000000e+00  1.340000e+01  1.700000e+00  3.600000e+00  9.000000e-01  -1.270000e+01  4.800000e+00  -1.900000e+00  -5.000000e+00
0.000000e+00  8.600000e+00  -1.200000e+00  -6.000000e-01  6.000000e-01  1.200000e+00  5.200000e+00  -1.600000e+00  3.000000e+00
0.000000e+00  -1.260000e+01  -8.000000e-01  6.000000e-01  3.400000e+00  -1.200000e+00  8.800000e+00  1.600000e+00  -2.300000e+01
0.000000e+00  2.800000e+00  9.400000e+00  2.000000e-01  1.080000e+01  -1.400000e+00  5.600000e+00  -1.800000e+00  -2.600000e+01
0.000000e+00  3.800000e+00  -7.100000e+00  -8.000000e-01  1.300000e+00  1.100000e+00  -1.400000e+00  -2.300000e+00  9.000000e+00
0.000000e+00  2.800000e+00  3.900000e+00  1.200000e+00  3.300000e+00  -3.900000e+00  6.600000e+00  6.700000e+00  -7.000000e+00

Pivot step 2:
Swapping rows 2 and 3
Pivot element: 1.340000e+01

After row swap:
1.000000e+00  -2.000000e-01  -1.000000e-01  2.000000e-01  3.000000e-01  1.000000e-01  -4.000000e-01  7.000000e-01  0.000000e+00
0.000000e+00  1.340000e+01  1.700000e+00  3.600000e+00  9.000000e-01  -1.270000e+01  4.800000e+00  -1.900000e+00  -5.000000e+00
0.000000e+00  1.200000e+01  3.500000e+00  9.000000e+00  -4.500000e+00  2.500000e+00  5.000000e+00  -7.500000e+00  1.200000e+01
0.000000e+00  8.600000e+00  -1.200000e+00  -6.000000e-01  6.000000e-01  1.200000e+00  5.200000e+00  -1.600000e+00  3.000000e+00
0.000000e+00  -1.260000e+01  -8.000000e-01  6.000000e-01  3.400000e+00  -1.200000e+00  8.800000e+00  1.600000e+00  -2.300000e+01
0.000000e+00  2.800000e+00  9.400000e+00  2.000000e-01  1.080000e+01  -1.400000e+00  5.600000e+00  -1.800000e+00  -2.600000e+01
0.000000e+00  3.800000e+00  -7.100000e+00  -8.000000e-01  1.300000e+00  1.100000e+00  -1.400000e+00  -2.300000e+00  9.000000e+00
0.000000e+00  2.800000e+00  3.900000e+00  1.200000e+00  3.300000e+00  -3.900000e+00  6.600000e+00  6.700000e+00  -7.000000e+00

Normalization step 2:
Dividing row 2 by 1.340000e+01

After normalization:
1.000000e+00  -2.000000e-01  -1.000000e-01  2.000000e-01  3.000000e-01  1.000000e-01  -4.000000e-01  7.000000e-01  0.000000e+00
0.000000e+00  1.000000e+00  1.268657e-01  2.686567e-01  6.716418e-02  -9.477612e-01  3.582090e-01  -1.417910e-01  -3.731343e-01
0.000000e+00  1.200000e+01  3.500000e+00  9.000000e+00  -4.500000e+00  2.500000e+00  5.000000e+00  -7.500000e+00  1.200000e+01
0.000000e+00  8.600000e+00  -1.200000e+00  -6.000000e-01  6.000000e-01  1.200000e+00  5.200000e+00  -1.600000e+00  3.000000e+00
0.000000e+00  -1.260000e+01  -8.000000e-01  6.000000e-01  3.400000e+00  -1.200000e+00  8.800000e+00  1.600000e+00  -2.300000e+01
0.000000e+00  2.800000e+00  9.400000e+00  2.000000e-01  1.080000e+01  -1.400000e+00  5.600000e+00  -1.800000e+00  -2.600000e+01
0.000000e+00  3.800000e+00  -7.100000e+00  -8.000000e-01  1.300000e+00  1.100000e+00  -1.400000e+00  -2.300000e+00  9.000000e+00
0.000000e+00  2.800000e+00  3.900000e+00  1.200000e+00  3.300000e+00  -3.900000e+00  6.600000e+00  6.700000e+00  -7.000000e+00

Elimination step 2.1:
Eliminating with multiplier -2.000000e-01

After elimination:
1.000000e+00  0.000000e+00  -7.462687e-02  2.537313e-01  3.134328e-01  -8.955224e-02  -3.283582e-01  6.716418e-01  -7.462687e-02
0.000000e+00  1.000000e+00  1.268657e-01  2.686567e-01  6.716418e-02  -9.477612e-01  3.582090e-01  -1.417910e-01  -3.731343e-01
0.000000e+00  1.200000e+01  3.500000e+00  9.000000e+00  -4.500000e+00  2.500000e+00  5.000000e+00  -7.500000e+00  1.200000e+01
0.000000e+00  8.600000e+00  -1.200000e+00  -6.000000e-01  6.000000e-01  1.200000e+00  5.200000e+00  -1.600000e+00  3.000000e+00
0.000000e+00  -1.260000e+01  -8.000000e-01  6.000000e-01  3.400000e+00  -1.200000e+00  8.800000e+00  1.600000e+00  -2.300000e+01
0.000000e+00  2.800000e+00  9.400000e+00  2.000000e-01  1.080000e+01  -1.400000e+00  5.600000e+00  -1.800000e+00  -2.600000e+01
0.000000e+00  3.800000e+00  -7.100000e+00  -8.000000e-01  1.300000e+00  1.100000e+00  -1.400000e+00  -2.300000e+00  9.000000e+00
0.000000e+00  2.800000e+00  3.900000e+00  1.200000e+00  3.300000e+00  -3.900000e+00  6.600000e+00  6.700000e+00  -7.000000e+00

Elimination step 2.3:
Eliminating with multiplier 1.200000e+01

After elimination:
1.000000e+00  0.000000e+00  -7.462687e-02  2.537313e-01  3.134328e-01  -8.955224e-02  -3.283582e-01  6.716418e-01  -7.462687e-02
0.000000e+00  1.000000e+00  1.268657e-01  2.686567e-01  6.716418e-02  -9.477612e-01  3.582090e-01  -1.417910e-01  -3.731343e-01
0.000000e+00  0.000000e+00  1.977612e+00  5.776119e+00  -5.305970e+00  1.387313e+01  7.014925e-01  -5.798507e+00  1.647761e+01
0.000000e+00  8.600000e+00  -1.200000e+00  -6.000000e-01  6.000000e-01  1.200000e+00  5.200000e+00  -1.600000e+00  3.000000e+00
0.000000e+00  -1.260000e+01  -8.000000e-01  6.000000e-01  3.400000e+00  -1.200000e+00  8.800000e+00  1.600000e+00  -2.300000e+01
0.000000e+00  2.800000e+00  9.400000e+00  2.000000e-01  1.080000e+01  -1.400000e+00  5.600000e+00  -1.800000e+00  -2.600000e+01
0.000000e+00  3.800000e+00  -7.100000e+00  -8.000000e-01  1.300000e+00  1.100000e+00  -1.400000e+00  -2.300000e+00  9.000000e+00
0.000000e+00  2.800000e+00  3.900000e+00  1.200000e+00  3.300000e+00  -3.900000e+00  6.600000e+00  6.700000e+00  -7.000000e+00

Elimination step 2.4:
Eliminating with multiplier 8.600000e+00

After elimination:
1.000000e+00  0.000000e+00  -7.462687e-02  2.537313e-01  3.134328e-01  -8.955224e-02  -3.283582e-01  6.716418e-01  -7.462687e-02
0.000000e+00  1.000000e+00  1.268657e-01  2.686567e-01  6.716418e-02  -9.477612e-01  3.582090e-01  -1.417910e-01  -3.731343e-01
0.000000e+00  0.000000e+00  1.977612e+00  5.776119e+00  -5.305970e+00  1.387313e+01  7.014925e-01  -5.798507e+00  1.647761e+01
0.000000e+00  0.000000e+00  -2.291045e+00  -2.910448e+00  2.238806e-02  9.350746e+00  2.119403e+00  -3.805970e-01  6.208955e+00
0.000000e+00  -1.260000e+01  -8.000000e-01  6.000000e-01  3.400000e+00  -1.200000e+00  8.800000e+00  1.600000e+00  -2.300000e+01
0.000000e+00  2.800000e+00  9.400000e+00  2.000000e-01  1.080000e+01  -1.400000e+00  5.600000e+00  -1.800000e+00  -2.600000e+01
0.000000e+00  3.800000e+00  -7.100000e+00  -8.000000e-01  1.300000e+00  1.100000e+00  -1.400000e+00  -2.300000e+00  9.000000e+00
0.000000e+00  2.800000e+00  3.900000e+00  1.200000e+00  3.300000e+00  -3.900000e+00  6.600000e+00  6.700000e+00  -7.000000e+00

Elimination step 2.5:
Eliminating with multiplier -1.260000e+01

After elimination:
1.000000e+00  0.000000e+00  -7.462687e-02  2.537313e-01  3.134328e-01  -8.955224e-02  -3.283582e-01  6.716418e-01  -7.462687e-02
0.000000e+00  1.000000e+00  1.268657e-01  2.686567e-01  6.716418e-02  -9.477612e-01  3.582090e-01  -1.417910e-01  -3.731343e-01
0.000000e+00  0.000000e+00  1.977612e+00  5.776119e+00  -5.305970e+00  1.387313e+01  7.014925e-01  -5.798507e+00  1.647761e+01
0.000000e+00  0.000000e+00  -2.291045e+00  -2.910448e+00  2.238806e-02  9.350746e+00  2.119403e+00  -3.805970e-01  6.208955e+00
0.000000e+00  0.000000e+00  7.985075e-01  3.985075e+00  4.246269e+00  -1.314179e+01  1.331343e+01  -1.865672e-01  -2.770149e+01
0.000000e+00  2.800000e+00  9.400000e+00  2.000000e-01  1.080000e+01  -1.400000e+00  5.600000e+00  -1.800000e+00  -2.600000e+01
0.000000e+00  3.800000e+00  -7.100000e+00  -8.000000e-01  1.300000e+00  1.100000e+00  -1.400000e+00  -2.300000e+00  9.000000e+00
0.000000e+00  2.800000e+00  3.900000e+00  1.200000e+00  3.300000e+00  -3.900000e+00  6.600000e+00  6.700000e+00  -7.000000e+00

Elimination step 2.6:
Eliminating with multiplier 2.800000e+00

After elimination:
1.000000e+00  0.000000e+00  -7.462687e-02  2.537313e-01  3.134328e-01  -8.955224e-02  -3.283582e-01  6.716418e-01  -7.462687e-02
0.000000e+00  1.000000e+00  1.268657e-01  2.686567e-01  6.716418e-02  -9.477612e-01  3.582090e-01  -1.417910e-01  -3.731343e-01
0.000000e+00  0.000000e+00  1.977612e+00  5.776119e+00  -5.305970e+00  1.387313e+01  7.014925e-01  -5.798507e+00  1.647761e+01
0.000000e+00  0.000000e+00  -2.291045e+00  -2.910448e+00  2.238806e-02  9.350746e+00  2.119403e+00  -3.805970e-01  6.208955e+00
0.000000e+00  0.000000e+00  7.985075e-01  3.985075e+00  4.246269e+00  -1.314179e+01  1.331343e+01  -1.865672e-01  -2.770149e+01
0.000000e+00  0.000000e+00  9.044776e+00  -5.522388e-01  1.061194e+01  1.253731e+00  4.597015e+00  -1.402985e+00  -2.495522e+01
0.000000e+00  3.800000e+00  -7.100000e+00  -8.000000e-01  1.300000e+00  1.100000e+00  -1.400000e+00  -2.300000e+00  9.000000e+00
0.000000e+00  2.800000e+00  3.900000e+00  1.200000e+00  3.300000e+00  -3.900000e+00  6.600000e+00  6.700000e+00  -7.000000e+00

Elimination step 2.7:
Eliminating with multiplier 3.800000e+00

After elimination:
1.000000e+00  0.000000e+00  -7.462687e-02  2.537313e-01  3.134328e-01  -8.955224e-02  -3.283582e-01  6.716418e-01  -7.462687e-02
0.000000e+00  1.000000e+00  1.268657e-01  2.686567e-01  6.716418e-02  -9.477612e-01  3.582090e-01  -1.417910e-01  -3.731343e-01
0.000000e+00  0.000000e+00  1.977612e+00  5.776119e+00  -5.305970e+00  1.387313e+01  7.014925e-01  -5.798507e+00  1.647761e+01
0.000000e+00  0.000000e+00  -2.291045e+00  -2.910448e+00  2.238806e-02  9.350746e+00  2.119403e+00  -3.805970e-01  6.208955e+00
0.000000e+00  0.000000e+00  7.985075e-01  3.985075e+00  4.246269e+00  -1.314179e+01  1.331343e+01  -1.865672e-01  -2.770149e+01
0.000000e+00  0.000000e+00  9.044776e+00  -5.522388e-01  1.061194e+01  1.253731e+00  4.597015e+00  -1.402985e+00  -2.495522e+01
0.000000e+00  0.000000e+00  -7.582090e+00  -1.820896e+00  1.044776e+00  4.701493e+00  -2.761194e+00  -1.761194e+00  1.041791e+01
0.000000e+00  2.800000e+00  3.900000e+00  1.200000e+00  3.300000e+00  -3.900000e+00  6.600000e+00  6.700000e+00  -7.000000e+00

Elimination step 2.8:
Eliminating with multiplier 2.800000e+00

After elimination:
1.000000e+00  0.000000e+00  -7.462687e-02  2.537313e-01  3.134328e-01  -8.955224e-02  -3.283582e-01  6.716418e-01  -7.462687e-02
0.000000e+00  1.000000e+00  1.268657e-01  2.686567e-01  6.716418e-02  -9.477612e-01  3.582090e-01  -1.417910e-01  -3.731343e-01
0.000000e+00  0.000000e+00  1.977612e+00  5.776119e+00  -5.305970e+00  1.387313e+01  7.014925e-01  -5.798507e+00  1.647761e+01
0.000000e+00  0.000000e+00  -2.291045e+00  -2.910448e+00  2.238806e-02  9.350746e+00  2.119403e+00  -3.805970e-01  6.208955e+00
0.000000e+00  0.000000e+00  7.985075e-01  3.985075e+00  4.246269e+00  -1.314179e+01  1.331343e+01  -1.865672e-01  -2.770149e+01
0.000000e+00  0.000000e+00  9.044776e+00  -5.522388e-01  1.061194e+01  1.253731e+00  4.597015e+00  -1.402985e+00  -2.495522e+01
0.000000e+00  0.000000e+00  -7.582090e+00  -1.820896e+00  1.044776e+00  4.701493e+00  -2.761194e+00  -1.761194e+00  1.041791e+01
0.000000e+00  0.000000e+00  3.544776e+00  4.477612e-01  3.111940e+00  -1.246269e+00  5.597015e+00  7.097015e+00  -5.955224e+00

Pivot step 3:
Swapping rows 3 and 6
Pivot element: 9.044776e+00

After row swap:
1.000000e+00  0.000000e+00  -7.462687e-02  2.537313e-01  3.134328e-01  -8.955224e-02  -3.283582e-01  6.716418e-01  -7.462687e-02
0.000000e+00  1.000000e+00  1.268657e-01  2.686567e-01  6.716418e-02  -9.477612e-01  3.582090e-01  -1.417910e-01  -3.731343e-01
0.000000e+00  0.000000e+00  9.044776e+00  -5.522388e-01  1.061194e+01  1.253731e+00  4.597015e+00  -1.402985e+00  -2.495522e+01
0.000000e+00  0.000000e+00  -2.291045e+00  -2.910448e+00  2.238806e-02  9.350746e+00  2.119403e+00  -3.805970e-01  6.208955e+00
0.000000e+00  0.000000e+00  7.985075e-01  3.985075e+00  4.246269e+00  -1.314179e+01  1.331343e+01  -1.865672e-01  -2.770149e+01
0.000000e+00  0.000000e+00  1.977612e+00  5.776119e+00  -5.305970e+00  1.387313e+01  7.014925e-01  -5.798507e+00  1.647761e+01
0.000000e+00  0.000000e+00  -7.582090e+00  -1.820896e+00  1.044776e+00  4.701493e+00  -2.761194e+00  -1.761194e+00  1.041791e+01
0.000000e+00  0.000000e+00  3.544776e+00  4.477612e-01  3.111940e+00  -1.246269e+00  5.597015e+00  7.097015e+00  -5.955224e+00

Normalization step 3:
Dividing row 3 by 9.044776e+00

After normalization:
1.000000e+00  0.000000e+00  -7.462687e-02  2.537313e-01  3.134328e-01  -8.955224e-02  -3.283582e-01  6.716418e-01  -7.462687e-02
0.000000e+00  1.000000e+00  1.268657e-01  2.686567e-01  6.716418e-02  -9.477612e-01  3.582090e-01  -1.417910e-01  -3.731343e-01
0.000000e+00  0.000000e+00  1.000000e+00  -6.105611e-02  1.173267e+00  1.386139e-01  5.082508e-01  -1.551155e-01  -2.759076e+00
0.000000e+00  0.000000e+00  -2.291045e+00  -2.910448e+00  2.238806e-02  9.350746e+00  2.119403e+00  -3.805970e-01  6.208955e+00
0.000000e+00  0.000000e+00  7.985075e-01  3.985075e+00  4.246269e+00  -1.314179e+01  1.331343e+01  -1.865672e-01  -2.770149e+01
0.000000e+00  0.000000e+00  1.977612e+00  5.776119e+00  -5.305970e+00  1.387313e+01  7.014925e-01  -5.798507e+00  1.647761e+01
0.000000e+00  0.000000e+00  -7.582090e+00  -1.820896e+00  1.044776e+00  4.701493e+00  -2.761194e+00  -1.761194e+00  1.041791e+01
0.000000e+00  0.000000e+00  3.544776e+00  4.477612e-01  3.111940e+00  -1.246269e+00  5.597015e+00  7.097015e+00  -5.955224e+00

Elimination step 3.1:
Eliminating with multiplier -7.462687e-02

After elimination:
1.000000e+00  0.000000e+00  0.000000e+00  2.491749e-01  4.009901e-01  -7.920792e-02  -2.904290e-01  6.600660e-01  -2.805281e-01
0.000000e+00  1.000000e+00  1.268657e-01  2.686567e-01  6.716418e-02  -9.477612e-01  3.582090e-01  -1.417910e-01  -3.731343e-01
0.000000e+00  0.000000e+00  1.000000e+00  -6.105611e-02  1.173267e+00  1.386139e-01  5.082508e-01  -1.551155e-01  -2.759076e+00
0.000000e+00  0.000000e+00  -2.291045e+00  -2.910448e+00  2.238806e-02  9.350746e+00  2.119403e+00  -3.805970e-01  6.208955e+00
0.000000e+00  0.000000e+00  7.985075e-01  3.985075e+00  4.246269e+00  -1.314179e+01  1.331343e+01  -1.865672e-01  -2.770149e+01
0.000000e+00  0.000000e+00  1.977612e+00  5.776119e+00  -5.305970e+00  1.387313e+01  7.014925e-01  -5.798507e+00  1.647761e+01
0.000000e+00  0.000000e+00  -7.582090e+00  -1.820896e+00  1.044776e+00  4.701493e+00  -2.761194e+00  -1.761194e+00  1.041791e+01
0.000000e+00  0.000000e+00  3.544776e+00  4.477612e-01  3.111940e+00  -1.246269e+00  5.597015e+00  7.097015e+00  -5.955224e+00

Elimination step 3.2:
Eliminating with multiplier 1.268657e-01

After elimination:
1.000000e+00  0.000000e+00  0.000000e+00  2.491749e-01  4.009901e-01  -7.920792e-02  -2.904290e-01  6.600660e-01  -2.805281e-01
0.000000e+00  1.000000e+00  0.000000e+00  2.764026e-01  -8.168317e-02  -9.653465e-01  2.937294e-01  -1.221122e-01  -2.310231e-02
0.000000e+00  0.000000e+00  1.000000e+00  -6.105611e-02  1.173267e+00  1.386139e-01  5.082508e-01  -1.551155e-01  -2.759076e+00
0.000000e+00  0.000000e+00  -2.291045e+00  -2.910448e+00  2.238806e-02  9.350746e+00  2.119403e+00  -3.805970e-01  6.208955e+00
0.000000e+00  0.000000e+00  7.985075e-01  3.985075e+00  4.246269e+00  -1.314179e+01  1.331343e+01  -1.865672e-01  -2.770149e+01
0.000000e+00  0.000000e+00  1.977612e+00  5.776119e+00  -5.305970e+00  1.387313e+01  7.014925e-01  -5.798507e+00  1.647761e+01
0.000000e+00  0.000000e+00  -7.582090e+00  -1.820896e+00  1.044776e+00  4.701493e+00  -2.761194e+00  -1.761194e+00  1.041791e+01
0.000000e+00  0.000000e+00  3.544776e+00  4.477612e-01  3.111940e+00  -1.246269e+00  5.597015e+00  7.097015e+00  -5.955224e+00

Elimination step 3.4:
Eliminating with multiplier -2.291045e+00

After elimination:
1.000000e+00  0.000000e+00  0.000000e+00  2.491749e-01  4.009901e-01  -7.920792e-02  -2.904290e-01  6.600660e-01  -2.805281e-01
0.000000e+00  1.000000e+00  0.000000e+00  2.764026e-01  -8.168317e-02  -9.653465e-01  2.937294e-01  -1.221122e-01  -2.310231e-02
0.000000e+00  0.000000e+00  1.000000e+00  -6.105611e-02  1.173267e+00  1.386139e-01  5.082508e-01  -1.551155e-01  -2.759076e+00
0.000000e+00  0.000000e+00  0.000000e+00  -3.050330e+00  2.710396e+00  9.668317e+00  3.283828e+00  -7.359736e-01  -1.122112e-01
0.000000e+00  0.000000e+00  7.985075e-01  3.985075e+00  4.246269e+00  -1.314179e+01  1.331343e+01  -1.865672e-01  -2.770149e+01
0.000000e+00  0.000000e+00  1.977612e+00  5.776119e+00  -5.305970e+00  1.387313e+01  7.014925e-01  -5.798507e+00  1.647761e+01
0.000000e+00  0.000000e+00  -7.582090e+00  -1.820896e+00  1.044776e+00  4.701493e+00  -2.761194e+00  -1.761194e+00  1.041791e+01
0.000000e+00  0.000000e+00  3.544776e+00  4.477612e-01  3.111940e+00  -1.246269e+00  5.597015e+00  7.097015e+00  -5.955224e+00

Elimination step 3.5:
Eliminating with multiplier 7.985075e-01

After elimination:
1.000000e+00  0.000000e+00  0.000000e+00  2.491749e-01  4.009901e-01  -7.920792e-02  -2.904290e-01  6.600660e-01  -2.805281e-01
0.000000e+00  1.000000e+00  0.000000e+00  2.764026e-01  -8.168317e-02  -9.653465e-01  2.937294e-01  -1.221122e-01  -2.310231e-02
0.000000e+00  0.000000e+00  1.000000e+00  -6.105611e-02  1.173267e+00  1.386139e-01  5.082508e-01  -1.551155e-01  -2.759076e+00
0.000000e+00  0.000000e+00  0.000000e+00  -3.050330e+00  2.710396e+00  9.668317e+00  3.283828e+00  -7.359736e-01  -1.122112e-01
0.000000e+00  0.000000e+00  0.000000e+00  4.033828e+00  3.309406e+00  -1.325248e+01  1.290759e+01  -6.270627e-02  -2.549835e+01
0.000000e+00  0.000000e+00  1.977612e+00  5.776119e+00  -5.305970e+00  1.387313e+01  7.014925e-01  -5.798507e+00  1.647761e+01
0.000000e+00  0.000000e+00  -7.582090e+00  -1.820896e+00  1.044776e+00  4.701493e+00  -2.761194e+00  -1.761194e+00  1.041791e+01
0.000000e+00  0.000000e+00  3.544776e+00  4.477612e-01  3.111940e+00  -1.246269e+00  5.597015e+00  7.097015e+00  -5.955224e+00

Elimination step 3.6:
Eliminating with multiplier 1.977612e+00

After elimination:
1.000000e+00  0.000000e+00  0.000000e+00  2.491749e-01  4.009901e-01  -7.920792e-02  -2.904290e-01  6.600660e-01  -2.805281e-01
0.000000e+00  1.000000e+00  0.000000e+00  2.764026e-01  -8.168317e-02  -9.653465e-01  2.937294e-01  -1.221122e-01  -2.310231e-02
0.000000e+00  0.000000e+00  1.000000e+00  -6.105611e-02  1.173267e+00  1.386139e-01  5.082508e-01  -1.551155e-01  -2.759076e+00
0.000000e+00  0.000000e+00  0.000000e+00  -3.050330e+00  2.710396e+00  9.668317e+00  3.283828e+00  -7.359736e-01  -1.122112e-01
0.000000e+00  0.000000e+00  0.000000e+00  4.033828e+00  3.309406e+00  -1.325248e+01  1.290759e+01  -6.270627e-02  -2.549835e+01
0.000000e+00  0.000000e+00  0.000000e+00  5.896865e+00  -7.626238e+00  1.359901e+01  -3.036304e-01  -5.491749e+00  2.193399e+01
0.000000e+00  0.000000e+00  -7.582090e+00  -1.820896e+00  1.044776e+00  4.701493e+00  -2.761194e+00  -1.761194e+00  1.041791e+01
0.000000e+00  0.000000e+00  3.544776e+00  4.477612e-01  3.111940e+00  -1.246269e+00  5.597015e+00  7.097015e+00  -5.955224e+00

Elimination step 3.7:
Eliminating with multiplier -7.582090e+00

After elimination:
1.000000e+00  0.000000e+00  0.000000e+00  2.491749e-01  4.009901e-01  -7.920792e-02  -2.904290e-01  6.600660e-01  -2.805281e-01
0.000000e+00  1.000000e+00  0.000000e+00  2.764026e-01  -8.168317e-02  -9.653465e-01  2.937294e-01  -1.221122e-01  -2.310231e-02
0.000000e+00  0.000000e+00  1.000000e+00  -6.105611e-02  1.173267e+00  1.386139e-01  5.082508e-01  -1.551155e-01  -2.759076e+00
0.000000e+00  0.000000e+00  0.000000e+00  -3.050330e+00  2.710396e+00  9.668317e+00  3.283828e+00  -7.359736e-01  -1.122112e-01
0.000000e+00  0.000000e+00  0.000000e+00  4.033828e+00  3.309406e+00  -1.325248e+01  1.290759e+01  -6.270627e-02  -2.549835e+01
0.000000e+00  0.000000e+00  0.000000e+00  5.896865e+00  -7.626238e+00  1.359901e+01  -3.036304e-01  -5.491749e+00  2.193399e+01
0.000000e+00  0.000000e+00  0.000000e+00  -2.283828e+00  9.940594e+00  5.752475e+00  1.092409e+00  -2.937294e+00  -1.050165e+01
0.000000e+00  0.000000e+00  3.544776e+00  4.477612e-01  3.111940e+00  -1.246269e+00  5.597015e+00  7.097015e+00  -5.955224e+00

Elimination step 3.8:
Eliminating with multiplier 3.544776e+00

After elimination:
1.000000e+00  0.000000e+00  0.000000e+00  2.491749e-01  4.009901e-01  -7.920792e-02  -2.904290e-01  6.600660e-01  -2.805281e-01
0.000000e+00  1.000000e+00  0.000000e+00  2.764026e-01  -8.168317e-02  -9.653465e-01  2.937294e-01  -1.221122e-01  -2.310231e-02
0.000000e+00  0.000000e+00  1.000000e+00  -6.105611e-02  1.173267e+00  1.386139e-01  5.082508e-01  -1.551155e-01  -2.759076e+00
0.000000e+00  0.000000e+00  0.000000e+00  -3.050330e+00  2.710396e+00  9.668317e+00  3.283828e+00  -7.359736e-01  -1.122112e-01
0.000000e+00  0.000000e+00  0.000000e+00  4.033828e+00  3.309406e+00  -1.325248e+01  1.290759e+01  -6.270627e-02  -2.549835e+01
0.000000e+00  0.000000e+00  0.000000e+00  5.896865e+00  -7.626238e+00  1.359901e+01  -3.036304e-01  -5.491749e+00  2.193399e+01
0.000000e+00  0.000000e+00  0.000000e+00  -2.283828e+00  9.940594e+00  5.752475e+00  1.092409e+00  -2.937294e+00  -1.050165e+01
0.000000e+00  0.000000e+00  0.000000e+00  6.641914e-01  -1.047030e+00  -1.737624e+00  3.795380e+00  7.646865e+00  3.825083e+00

Pivot step 4:
Swapping rows 4 and 6
Pivot element: 5.896865e+00

After row swap:
1.000000e+00  0.000000e+00  0.000000e+00  2.491749e-01  4.009901e-01  -7.920792e-02  -2.904290e-01  6.600660e-01  -2.805281e-01
0.000000e+00  1.000000e+00  0.000000e+00  2.764026e-01  -8.168317e-02  -9.653465e-01  2.937294e-01  -1.221122e-01  -2.310231e-02
0.000000e+00  0.000000e+00  1.000000e+00  -6.105611e-02  1.173267e+00  1.386139e-01  5.082508e-01  -1.551155e-01  -2.759076e+00
0.000000e+00  0.000000e+00  0.000000e+00  5.896865e+00  -7.626238e+00  1.359901e+01  -3.036304e-01  -5.491749e+00  2.193399e+01
0.000000e+00  0.000000e+00  0.000000e+00  4.033828e+00  3.309406e+00  -1.325248e+01  1.290759e+01  -6.270627e-02  -2.549835e+01
0.000000e+00  0.000000e+00  0.000000e+00  -3.050330e+00  2.710396e+00  9.668317e+00  3.283828e+00  -7.359736e-01  -1.122112e-01
0.000000e+00  0.000000e+00  0.000000e+00  -2.283828e+00  9.940594e+00  5.752475e+00  1.092409e+00  -2.937294e+00  -1.050165e+01
0.000000e+00  0.000000e+00  0.000000e+00  6.641914e-01  -1.047030e+00  -1.737624e+00  3.795380e+00  7.646865e+00  3.825083e+00

Normalization step 4:
Dividing row 4 by 5.896865e+00

After normalization:
1.000000e+00  0.000000e+00  0.000000e+00  2.491749e-01  4.009901e-01  -7.920792e-02  -2.904290e-01  6.600660e-01  -2.805281e-01
0.000000e+00  1.000000e+00  0.000000e+00  2.764026e-01  -8.168317e-02  -9.653465e-01  2.937294e-01  -1.221122e-01  -2.310231e-02
0.000000e+00  0.000000e+00  1.000000e+00  -6.105611e-02  1.173267e+00  1.386139e-01  5.082508e-01  -1.551155e-01  -2.759076e+00
0.000000e+00  0.000000e+00  0.000000e+00  1.000000e+00  -1.293270e+00  2.306142e+00  -5.149014e-02  -9.312998e-01  3.719603e+00
0.000000e+00  0.000000e+00  0.000000e+00  4.033828e+00  3.309406e+00  -1.325248e+01  1.290759e+01  -6.270627e-02  -2.549835e+01
0.000000e+00  0.000000e+00  0.000000e+00  -3.050330e+00  2.710396e+00  9.668317e+00  3.283828e+00  -7.359736e-01  -1.122112e-01
0.000000e+00  0.000000e+00  0.000000e+00  -2.283828e+00  9.940594e+00  5.752475e+00  1.092409e+00  -2.937294e+00  -1.050165e+01
0.000000e+00  0.000000e+00  0.000000e+00  6.641914e-01  -1.047030e+00  -1.737624e+00  3.795380e+00  7.646865e+00  3.825083e+00

Elimination step 4.1:
Eliminating with multiplier 2.491749e-01

After elimination:
1.000000e+00  0.000000e+00  0.000000e+00  0.000000e+00  7.232405e-01  -6.538408e-01  -2.775990e-01  8.921226e-01  -1.207360e+00
0.000000e+00  1.000000e+00  0.000000e+00  2.764026e-01  -8.168317e-02  -9.653465e-01  2.937294e-01  -1.221122e-01  -2.310231e-02
0.000000e+00  0.000000e+00  1.000000e+00  -6.105611e-02  1.173267e+00  1.386139e-01  5.082508e-01  -1.551155e-01  -2.759076e+00
0.000000e+00  0.000000e+00  0.000000e+00  1.000000e+00  -1.293270e+00  2.306142e+00  -5.149014e-02  -9.312998e-01  3.719603e+00
0.000000e+00  0.000000e+00  0.000000e+00  4.033828e+00  3.309406e+00  -1.325248e+01  1.290759e+01  -6.270627e-02  -2.549835e+01
0.000000e+00  0.000000e+00  0.000000e+00  -3.050330e+00  2.710396e+00  9.668317e+00  3.283828e+00  -7.359736e-01  -1.122112e-01
0.000000e+00  0.000000e+00  0.000000e+00  -2.283828e+00  9.940594e+00  5.752475e+00  1.092409e+00  -2.937294e+00  -1.050165e+01
0.000000e+00  0.000000e+00  0.000000e+00  6.641914e-01  -1.047030e+00  -1.737624e+00  3.795380e+00  7.646865e+00  3.825083e+00

Elimination step 4.2:
Eliminating with multiplier 2.764026e-01

After elimination:
1.000000e+00  0.000000e+00  0.000000e+00  0.000000e+00  7.232405e-01  -6.538408e-01  -2.775990e-01  8.921226e-01  -1.207360e+00
0.000000e+00  1.000000e+00  0.000000e+00  0.000000e+00  2.757800e-01  -1.602770e+00  3.079614e-01  1.353015e-01  -1.051210e+00
0.000000e+00  0.000000e+00  1.000000e+00  -6.105611e-02  1.173267e+00  1.386139e-01  5.082508e-01  -1.551155e-01  -2.759076e+00
0.000000e+00  0.000000e+00  0.000000e+00  1.000000e+00  -1.293270e+00  2.306142e+00  -5.149014e-02  -9.312998e-01  3.719603e+00
0.000000e+00  0.000000e+00  0.000000e+00  4.033828e+00  3.309406e+00  -1.325248e+01  1.290759e+01  -6.270627e-02  -2.549835e+01
0.000000e+00  0.000000e+00  0.000000e+00  -3.050330e+00  2.710396e+00  9.668317e+00  3.283828e+00  -7.359736e-01  -1.122112e-01
0.000000e+00  0.000000e+00  0.000000e+00  -2.283828e+00  9.940594e+00  5.752475e+00  1.092409e+00  -2.937294e+00  -1.050165e+01
0.000000e+00  0.000000e+00  0.000000e+00  6.641914e-01  -1.047030e+00  -1.737624e+00  3.795380e+00  7.646865e+00  3.825083e+00

Elimination step 4.3:
Eliminating with multiplier -6.105611e-02

After elimination:
1.000000e+00  0.000000e+00  0.000000e+00  0.000000e+00  7.232405e-01  -6.538408e-01  -2.775990e-01  8.921226e-01  -1.207360e+00
0.000000e+00  1.000000e+00  0.000000e+00  0.000000e+00  2.757800e-01  -1.602770e+00  3.079614e-01  1.353015e-01  -1.051210e+00
0.000000e+00  0.000000e+00  1.000000e+00  0.000000e+00  1.094305e+00  2.794179e-01  5.051070e-01  -2.119771e-01  -2.531971e+00
0.000000e+00  0.000000e+00  0.000000e+00  1.000000e+00  -1.293270e+00  2.306142e+00  -5.149014e-02  -9.312998e-01  3.719603e+00
0.000000e+00  0.000000e+00  0.000000e+00  4.033828e+00  3.309406e+00  -1.325248e+01  1.290759e+01  -6.270627e-02  -2.549835e+01
0.000000e+00  0.000000e+00  0.000000e+00  -3.050330e+00  2.710396e+00  9.668317e+00  3.283828e+00  -7.359736e-01  -1.122112e-01
0.000000e+00  0.000000e+00  0.000000e+00  -2.283828e+00  9.940594e+00  5.752475e+00  1.092409e+00  -2.937294e+00  -1.050165e+01
0.000000e+00  0.000000e+00  0.000000e+00  6.641914e-01  -1.047030e+00  -1.737624e+00  3.795380e+00  7.646865e+00  3.825083e+00

Elimination step 4.5:
Eliminating with multiplier 4.033828e+00

After elimination:
1.000000e+00  0.000000e+00  0.000000e+00  0.000000e+00  7.232405e-01  -6.538408e-01  -2.775990e-01  8.921226e-01  -1.207360e+00
0.000000e+00  1.000000e+00  0.000000e+00  0.000000e+00  2.757800e-01  -1.602770e+00  3.079614e-01  1.353015e-01  -1.051210e+00
0.000000e+00  0.000000e+00  1.000000e+00  0.000000e+00  1.094305e+00  2.794179e-01  5.051070e-01  -2.119771e-01  -2.531971e+00
0.000000e+00  0.000000e+00  0.000000e+00  1.000000e+00  -1.293270e+00  2.306142e+00  -5.149014e-02  -9.312998e-01  3.719603e+00
0.000000e+00  0.000000e+00  0.000000e+00  0.000000e+00  8.526235e+00  -2.255506e+01  1.311529e+01  3.693997e+00  -4.050259e+01
0.000000e+00  0.000000e+00  0.000000e+00  -3.050330e+00  2.710396e+00  9.668317e+00  3.283828e+00  -7.359736e-01  -1.122112e-01
0.000000e+00  0.000000e+00  0.000000e+00  -2.283828e+00  9.940594e+00  5.752475e+00  1.092409e+00  -2.937294e+00  -1.050165e+01
0.000000e+00  0.000000e+00  0.000000e+00  6.641914e-01  -1.047030e+00  -1.737624e+00  3.795380e+00  7.646865e+00  3.825083e+00

Elimination step 4.6:
Eliminating with multiplier -3.050330e+00

After elimination:
1.000000e+00  0.000000e+00  0.000000e+00  0.000000e+00  7.232405e-01  -6.538408e-01  -2.775990e-01  8.921226e-01  -1.207360e+00
0.000000e+00  1.000000e+00  0.000000e+00  0.000000e+00  2.757800e-01  -1.602770e+00  3.079614e-01  1.353015e-01  -1.051210e+00
0.000000e+00  0.000000e+00  1.000000e+00  0.000000e+00  1.094305e+00  2.794179e-01  5.051070e-01  -2.119771e-01  -2.531971e+00
0.000000e+00  0.000000e+00  0.000000e+00  1.000000e+00  -1.293270e+00  2.306142e+00  -5.149014e-02  -9.312998e-01  3.719603e+00
0.000000e+00  0.000000e+00  0.000000e+00  0.000000e+00  8.526235e+00  -2.255506e+01  1.311529e+01  3.693997e+00  -4.050259e+01
0.000000e+00  0.000000e+00  0.000000e+00  0.000000e+00  -1.234504e+00  1.670281e+01  3.126766e+00  -3.576745e+00  1.123380e+01
0.000000e+00  0.000000e+00  0.000000e+00  -2.283828e+00  9.940594e+00  5.752475e+00  1.092409e+00  -2.937294e+00  -1.050165e+01
0.000000e+00  0.000000e+00  0.000000e+00  6.641914e-01  -1.047030e+00  -1.737624e+00  3.795380e+00  7.646865e+00  3.825083e+00

Elimination step 4.7:
Eliminating with multiplier -2.283828e+00

After elimination:
1.000000e+00  0.000000e+00  0.000000e+00  0.000000e+00  7.232405e-01  -6.538408e-01  -2.775990e-01  8.921226e-01  -1.207360e+00
0.000000e+00  1.000000e+00  0.000000e+00  0.000000e+00  2.757800e-01  -1.602770e+00  3.079614e-01  1.353015e-01  -1.051210e+00
0.000000e+00  0.000000e+00  1.000000e+00  0.000000e+00  1.094305e+00  2.794179e-01  5.051070e-01  -2.119771e-01  -2.531971e+00
0.000000e+00  0.000000e+00  0.000000e+00  1.000000e+00  -1.293270e+00  2.306142e+00  -5.149014e-02  -9.312998e-01  3.719603e+00
0.000000e+00  0.000000e+00  0.000000e+00  0.000000e+00  8.526235e+00  -2.255506e+01  1.311529e+01  3.693997e+00  -4.050259e+01
0.000000e+00  0.000000e+00  0.000000e+00  0.000000e+00  -1.234504e+00  1.670281e+01  3.126766e+00  -3.576745e+00  1.123380e+01
0.000000e+00  0.000000e+00  0.000000e+00  0.000000e+00  6.986988e+00  1.101931e+01  9.748146e-01  -5.064223e+00  -2.006716e+00
0.000000e+00  0.000000e+00  0.000000e+00  6.641914e-01  -1.047030e+00  -1.737624e+00  3.795380e+00  7.646865e+00  3.825083e+00

Elimination step 4.8:
Eliminating with multiplier 6.641914e-01

After elimination:
1.000000e+00  0.000000e+00  0.000000e+00  0.000000e+00  7.232405e-01  -6.538408e-01  -2.775990e-01  8.921226e-01  -1.207360e+00
0.000000e+00  1.000000e+00  0.000000e+00  0.000000e+00  2.757800e-01  -1.602770e+00  3.079614e-01  1.353015e-01  -1.051210e+00
0.000000e+00  0.000000e+00  1.000000e+00  0.000000e+00  1.094305e+00  2.794179e-01  5.051070e-01  -2.119771e-01  -2.531971e+00
0.000000e+00  0.000000e+00  0.000000e+00  1.000000e+00  -1.293270e+00  2.306142e+00  -5.149014e-02  -9.312998e-01  3.719603e+00
0.000000e+00  0.000000e+00  0.000000e+00  0.000000e+00  8.526235e+00  -2.255506e+01  1.311529e+01  3.693997e+00  -4.050259e+01
0.000000e+00  0.000000e+00  0.000000e+00  0.000000e+00  -1.234504e+00  1.670281e+01  3.126766e+00  -3.576745e+00  1.123380e+01
0.000000e+00  0.000000e+00  0.000000e+00  0.000000e+00  6.986988e+00  1.101931e+01  9.748146e-01  -5.064223e+00  -2.006716e+00
0.000000e+00  0.000000e+00  0.000000e+00  0.000000e+00  -1.880509e-01  -3.269344e+00  3.829579e+00  8.265426e+00  1.354554e+00

Normalization step 5:
Dividing row 5 by 8.526235e+00

After normalization:
1.000000e+00  0.000000e+00  0.000000e+00  0.000000e+00  7.232405e-01  -6.538408e-01  -2.775990e-01  8.921226e-01  -1.207360e+00
0.000000e+00  1.000000e+00  0.000000e+00  0.000000e+00  2.757800e-01  -1.602770e+00  3.079614e-01  1.353015e-01  -1.051210e+00
0.000000e+00  0.000000e+00  1.000000e+00  0.000000e+00  1.094305e+00  2.794179e-01  5.051070e-01  -2.119771e-01  -2.531971e+00
0.000000e+00  0.000000e+00  0.000000e+00  1.000000e+00  -1.293270e+00  2.306142e+00  -5.149014e-02  -9.312998e-01  3.719603e+00
0.000000e+00  0.000000e+00  0.000000e+00  0.000000e+00  1.000000e+00  -2.645371e+00  1.538228e+00  4.332507e-01  -4.750349e+00
0.000000e+00  0.000000e+00  0.000000e+00  0.000000e+00  -1.234504e+00  1.670281e+01  3.126766e+00  -3.576745e+00  1.123380e+01
